{
 "rootnode": {
 "name": "RootNode"
,"transformation": [
 1
,0
,0
,0
,0
,1
,0
,0
,0
,0
,1
,0
,0
,0
,0
,1
]
,"children": [
{
 "name": "sub01"
,"transformation": [
 2.65
,0
,0
,3.07875e-15
,0
,2.65
,0
,50.3483
,0
,0
,2.65
,0
,0
,0
,0
,1
]
,"meshes": [
 0
]
}
,{
 "name": "sub02"
,"transformation": [
 2.65
,0
,0
,3.07875e-15
,0
,2.65
,0
,50.3483
,0
,0
,2.65
,0
,0
,0
,0
,1
]
,"meshes": [
 1
]
}
,{
 "name": "mixamorig:Hips"
,"transformation": [
 2.65
,0.000874226
,6.86053e-06
,-0.00319798
,-0.000874226
,2.65
,4.30049e-06
,89.304
,-6.85911e-06
,-4.30275e-06
,2.65
,0.560295
,0
,0
,0
,1
]
,"children": [
{
 "name": "mixamorig:Spine_$AssimpFbx$_Translation"
,"transformation": [
 1
,0
,0
,0.0129144
,0
,1
,0
,3.19253
,0
,0
,1
,-0.373456
,0
,0
,0
,1
]
,"children": [
{
 "name": "mixamorig:Spine_$AssimpFbx$_PreRotation"
,"transformation": [
 0.999992
,0.00401778
,0.000469988
,0
,-0.00404517
,0.993219
,0.116184
,0
,0
,-0.116185
,0.993228
,0
,0
,0
,0
,1
]
,"children": [
{
 "name": "mixamorig:Spine"
,"transformation": [
 1
,0
,0
,0
,0
,1
,0
,0
,0
,0
,1
,0
,0
,0
,0
,1
]
,"children": [
{
 "name": "mixamorig:Spine1"
,"transformation": [
 1
,0
,0
,-3.71125e-11
,0
,1
,0
,3.75004
,0
,0
,1
,1.89561e-08
,0
,0
,0
,1
]
,"children": [
{
 "name": "mixamorig:Spine2"
,"transformation": [
 1
,0
,0
,-1.74424e-10
,0
,1
,0
,4.28576
,0
,0
,1
,-4.10401e-09
,0
,0
,0
,1
]
,"children": [
{
 "name": "mixamorig:Neck_$AssimpFbx$_Translation"
,"transformation": [
 1
,0
,0
,-5.29333e-10
,0
,1
,0
,4.82148
,0
,0
,1
,9.38656e-08
,0
,0
,0
,1
]
,"children": [
{
 "name": "mixamorig:Neck_$AssimpFbx$_PreRotation"
,"transformation": [
 0.999992
,-0.00404517
,5.82077e-11
,0
,0.00401778
,0.993219
,-0.116185
,0
,0.000469988
,0.116184
,0.993228
,0
,0
,0
,0
,1
]
,"children": [
{
 "name": "mixamorig:Neck"
,"transformation": [
 1
,0
,0
,0
,0
,1
,0
,0
,0
,0
,1
,0
,0
,0
,0
,1
]
,"children": [
{
 "name": "mixamorig:Head"
,"transformation": [
 1
,0
,0
,0
,0
,1
,0
,2.95231
,0
,0
,1
,0.613919
,0
,0
,0
,1
]
,"children": [
{
 "name": "mixamorig:HeadTop_End"
,"transformation": [
 1
,0
,0
,0
,0
,1
,0
,8.41811
,0
,0
,1
,1.75051
,0
,0
,0
,1
]
}
]
}
]
}
]
}
]
}
,{
 "name": "mixamorig:LeftShoulder_$AssimpFbx$_Translation"
,"transformation": [
 1
,0
,0
,2.24507
,0
,1
,0
,4.16353
,0
,0
,1
,-0.147572
,0
,0
,0
,1
]
,"children": [
{
 "name": "mixamorig:LeftShoulder_$AssimpFbx$_PreRotation"
,"transformation": [
 -0.0655897
,0.957735
,-0.280073
,0
,-5.68172e-08
,-0.280678
,-0.959802
,0
,-0.997847
,-0.0629531
,0.0184096
,0
,0
,0
,0
,1
]
,"children": [
{
 "name": "mixamorig:LeftShoulder_$AssimpFbx$_Rotation"
,"transformation": [
 0.999295
,-0.0350531
,-0.0134639
,0
,0.0374101
,0.960287
,0.276494
,0
,0.00323724
,-0.276803
,0.960921
,0
,0
,0
,0
,1
]
,"children": [
{
 "name": "mixamorig:LeftShoulder"
,"transformation": [
 1
,0
,0
,0
,0
,1
,0
,0
,0
,0
,1
,0
,0
,0
,0
,1
]
,"children": [
{
 "name": "mixamorig:LeftArm_$AssimpFbx$_Translation"
,"transformation": [
 1
,0
,0
,-4.91354e-09
,0
,1
,0
,4.68829
,0
,0
,1
,1.82662e-09
,0
,0
,0
,1
]
,"children": [
{
 "name": "mixamorig:LeftArm_$AssimpFbx$_PreRotation"
,"transformation": [
 0.969606
,0.20655
,0.131154
,0
,0
,0.536042
,-0.844191
,0
,-0.244672
,0.818533
,0.51975
,0
,0
,0
,0
,1
]
,"children": [
{
 "name": "mixamorig:LeftArm_$AssimpFbx$_Rotation"
,"transformation": [
 0.995864
,-0.0283756
,-0.0863123
,0
,0.0883704
,0.523235
,0.847594
,0
,0.0211107
,-0.851716
,0.523579
,0
,0
,0
,0
,1
]
,"children": [
{
 "name": "mixamorig:LeftArm"
,"transformation": [
 1
,0
,0
,0
,0
,1
,0
,0
,0
,0
,1
,0
,0
,0
,0
,1
]
,"children": [
{
 "name": "mixamorig:LeftForeArm_$AssimpFbx$_Translation"
,"transformation": [
 1
,0
,0
,3.34602e-08
,0
,1
,0
,10.6798
,0
,0
,1
,-8.42186e-08
,0
,0
,0
,1
]
,"children": [
{
 "name": "mixamorig:LeftForeArm_$AssimpFbx$_PreRotation"
,"transformation": [
 0.944412
,-0.320555
,0.0730123
,0
,0.328764
,0.920828
,-0.209736
,0
,0
,0.222081
,0.975028
,0
,0
,0
,0
,1
]
,"children": [
{
 "name": "mixamorig:LeftForeArm_$AssimpFbx$_Rotation"
,"transformation": [
 0.943729
,0.328764
,0.0358979
,0
,-0.328764
,0.920828
,0.209736
,0
,0.035898
,-0.209736
,0.977099
,0
,0
,0
,0
,1
]
,"children": [
{
 "name": "mixamorig:LeftForeArm"
,"transformation": [
 1
,0
,0
,0
,0
,1
,0
,0
,0
,0
,1
,0
,0
,0
,0
,1
]
,"children": [
{
 "name": "mixamorig:LeftHand_$AssimpFbx$_Translation"
,"transformation": [
 1
,0
,0
,1.79954e-07
,0
,1
,0
,9.95041
,0
,0
,1
,2.02867e-08
,0
,0
,0
,1
]
,"children": [
{
 "name": "mixamorig:LeftHand_$AssimpFbx$_PreRotation"
,"transformation": [
 0.999577
,0.0290704
,0.000373181
,0
,-0.0290728
,0.999495
,0.0128307
,0
,0
,-0.0128361
,0.999918
,0
,0
,0
,0
,1
]
,"children": [
{
 "name": "mixamorig:LeftHand_$AssimpFbx$_Rotation"
,"transformation": [
 0.999577
,-0.0290733
,0.000186547
,0
,0.0290733
,0.999495
,-0.0128309
,0
,0.000186583
,0.0128309
,0.999918
,0
,0
,0
,0
,1
]
,"children": [
{
 "name": "mixamorig:LeftHand"
,"transformation": [
 1
,0
,0
,0
,0
,1
,0
,0
,0
,0
,1
,0
,0
,0
,0
,1
]
,"children": [
{
 "name": "mixamorig:LeftHandIndex1_$AssimpFbx$_Translation"
,"transformation": [
 1
,0
,0
,-8.32696e-09
,0
,1
,0
,3.64244
,0
,0
,1
,2.90787e-09
,0
,0
,0
,1
]
,"children": [
{
 "name": "mixamorig:LeftHandIndex1_$AssimpFbx$_PreRotation"
,"transformation": [
 0.999788
,0.020482
,0.00204254
,0
,-0.0205836
,0.994854
,0.0992104
,0
,0
,-0.0992314
,0.995064
,0
,0
,0
,0
,1
]
,"children": [
{
 "name": "mixamorig:LeftHandIndex1_$AssimpFbx$_Rotation"
,"transformation": [
 0.999788
,-0.0205828
,0.00102369
,0
,0.0205828
,0.994854
,-0.0992103
,0
,0.0010236
,0.0992103
,0.995066
,0
,0
,0
,0
,1
]
,"children": [
{
 "name": "mixamorig:LeftHandIndex1"
,"transformation": [
 1
,0
,0
,0
,0
,1
,0
,0
,0
,0
,1
,0
,0
,0
,0
,1
]
,"children": [
{
 "name": "mixamorig:LeftHandIndex2"
,"transformation": [
 0.999561
,-0.0295639
,-0.00213513
,-3.24752e-09
,0.0295639
,0.989186
,0.143659
,0.892271
,-0.00213507
,-0.143659
,0.989625
,-7.76048e-10
,0
,0
,0
,1
]
,"children": [
{
 "name": "mixamorig:LeftHandIndex3"
,"transformation": [
 0.999193
,0.0383241
,0.0120138
,0.0404734
,-0.0395512
,0.990931
,0.128419
,1.35512
,-0.00698329
,-0.128791
,0.991647
,0.196772
,0
,0
,0
,1
]
,"children": [
{
 "name": "mixamorig:LeftHandIndex4"
,"transformation": [
 1
,0
,0
,-0.0137049
,0
,1
,0
,1.24602
,0
,0
,1
,0.349164
,0
,0
,0
,1
]
}
]
}
]
}
]
}
]
}
]
}
]
}
]
}
]
}
]
}
]
}
]
}
]
}
]
}
]
}
]
}
]
}
]
}
]
}
]
}
]
}
]
}
]
}
,{
 "name": "mixamorig:RightShoulder_$AssimpFbx$_Translation"
,"transformation": [
 1
,0
,0
,-2.27977
,0
,1
,0
,4.12906
,0
,0
,1
,-0.0103917
,0
,0
,0
,1
]
,"children": [
{
 "name": "mixamorig:RightShoulder_$AssimpFbx$_PreRotation"
,"transformation": [
 -0.00455815
,-0.95683
,0.290612
,0
,1.59027e-08
,-0.290615
,-0.95684
,0
,0.99999
,-0.00436141
,0.00132468
,0
,0
,0
,0
,1
]
,"children": [
{
 "name": "mixamorig:RightShoulder_$AssimpFbx$_Rotation"
,"transformation": [
 0.999463
,0.0325609
,-0.0037749
,0
,-0.030237
,0.960287
,0.277372
,0
,0.0126565
,-0.277109
,0.960755
,0
,0
,0
,0
,1
]
,"children": [
{
 "name": "mixamorig:RightShoulder"
,"transformation": [
 1
,0
,0
,0
,0
,1
,0
,0
,0
,0
,1
,0
,0
,0
,0
,1
]
,"children": [
{
 "name": "mixamorig:RightArm_$AssimpFbx$_Translation"
,"transformation": [
 1
,0
,0
,4.30427e-09
,0
,1
,0
,4.76526
,0
,0
,1
,-3.41186e-08
,0
,0
,0
,1
]
,"children": [
{
 "name": "mixamorig:RightArm_$AssimpFbx$_PreRotation"
,"transformation": [
 0.950524
,-0.265192
,-0.161793
,0
,0
,0.520819
,-0.853667
,0
,0.310651
,0.811431
,0.495051
,0
,0
,0
,0
,1
]
,"children": [
{
 "name": "mixamorig:RightArm_$AssimpFbx$_Rotation"
,"transformation": [
 0.996351
,-0.0301453
,0.0798496
,0
,-0.0525772
,0.520185
,0.852433
,0
,-0.0672334
,-0.853521
,0.516702
,0
,0
,0
,0
,1
]
,"children": [
{
 "name": "mixamorig:RightArm"
,"transformation": [
 1
,0
,0
,0
,0
,1
,0
,0
,0
,0
,1
,0
,0
,0
,0
,1
]
,"children": [
{
 "name": "mixamorig:RightForeArm_$AssimpFbx$_Translation"
,"transformation": [
 1
,0
,0
,4.28116e-09
,0
,1
,0
,10.7424
,0
,0
,1
,1.05206e-07
,0
,0
,0
,1
]
,"children": [
{
 "name": "mixamorig:RightForeArm_$AssimpFbx$_PreRotation"
,"transformation": [
 0.815718
,0.386144
,-0.430695
,0
,-0.427861
,0.903845
,1.49012e-08
,0
,0.389281
,0.184277
,0.902498
,0
,0
,0
,0
,1
]
,"children": [
{
 "name": "mixamorig:RightForeArm_$AssimpFbx$_Rotation"
,"transformation": [
 0.903845
,-0.42786
,-3.188e-08
,0
,0.42786
,0.903845
,2.89802e-07
,0
,-9.51804e-08
,-2.75577e-07
,1
,0
,0
,0
,0
,1
]
,"children": [
{
 "name": "mixamorig:RightForeArm"
,"transformation": [
 1
,0
,0
,0
,0
,1
,0
,0
,0
,0
,1
,0
,0
,0
,0
,1
]
,"children": [
{
 "name": "mixamorig:RightHand_$AssimpFbx$_Translation"
,"transformation": [
 1
,0
,0
,2.55086e-08
,0
,1
,0
,9.96742
,0
,0
,1
,7.83665e-10
,0
,0
,0
,1
]
,"children": [
{
 "name": "mixamorig:RightHand_$AssimpFbx$_PreRotation"
,"transformation": [
 0.999042
,-0.0437473
,0.000698887
,0
,0.0437529
,0.998915
,-0.0159564
,0
,-7.84706e-08
,0.0159717
,0.999872
,0
,0
,0
,0
,1
]
,"children": [
{
 "name": "mixamorig:RightHand_$AssimpFbx$_Rotation"
,"transformation": [
 0.999042
,0.0437537
,0.000349225
,0
,-0.0437537
,0.998915
,0.0159573
,0
,0.000349346
,-0.0159573
,0.999873
,0
,0
,0
,0
,1
]
,"children": [
{
 "name": "mixamorig:RightHand"
,"transformation": [
 1
,0
,0
,0
,0
,1
,0
,0
,0
,0
,1
,0
,0
,0
,0
,1
]
,"children": [
{
 "name": "mixamorig:RightHandIndex1_$AssimpFbx$_Translation"
,"transformation": [
 1
,0
,0
,3.22078e-09
,0
,1
,0
,3.56603
,0
,0
,1
,-1.88471e-09
,0
,0
,0
,1
]
,"children": [
{
 "name": "mixamorig:RightHandIndex1_$AssimpFbx$_PreRotation"
,"transformation": [
 0.996941
,-0.0779175
,-0.00609132
,0
,0.0781552
,0.993909
,0.0777007
,0
,-2.84116e-08
,-0.0779391
,0.996958
,0
,0
,0
,0
,1
]
,"children": [
{
 "name": "mixamorig:RightHandIndex1_$AssimpFbx$_Rotation"
,"transformation": [
 0.996937
,0.0781546
,-0.00304551
,0
,-0.0781546
,0.993909
,-0.0777005
,0
,-0.00304569
,0.0777005
,0.996972
,0
,0
,0
,0
,1
]
,"children": [
{
 "name": "mixamorig:RightHandIndex1"
,"transformation": [
 1
,0
,0
,0
,0
,1
,0
,0
,0
,0
,1
,0
,0
,0
,0
,1
]
,"children": [
{
 "name": "mixamorig:RightHandIndex2"
,"transformation": [
 0.998606
,-0.0526881
,-0.00310527
,6.31405e-09
,0.0526881
,0.991688
,0.117384
,0.879584
,-0.00310528
,-0.117384
,0.993082
,1.24006e-08
,0
,0
,0
,1
]
,"children": [
{
 "name": "mixamorig:RightHandIndex3"
,"transformation": [
 0.995148
,-0.097738
,-0.0112583
,0.0724259
,0.0983534
,0.991169
,0.0889409
,1.36273
,0.00246598
,-0.0896167
,0.995973
,0.161252
,0
,0
,0
,1
]
,"children": [
{
 "name": "mixamorig:RightHandIndex4"
,"transformation": [
 1
,0
,0
,0.195525
,0
,1
,0
,1.25847
,0
,0
,1
,0.26614
,0
,0
,0
,1
]
}
]
}
]
}
]
}
]
}
]
}
]
}
]
}
]
}
]
}
]
}
]
}
]
}
]
}
]
}
]
}
]
}
]
}
]
}
]
}
]
}
]
}
]
}
]
}
]
}
]
}
]
}
]
}
,{
 "name": "mixamorig:LeftUpLeg_$AssimpFbx$_Translation"
,"transformation": [
 1
,0
,0
,4.51604
,0
,1
,0
,-1.77363
,0
,0
,1
,-0.606412
,0
,0
,0
,1
]
,"children": [
{
 "name": "mixamorig:LeftUpLeg_$AssimpFbx$_PreRotation"
,"transformation": [
 -0.997147
,-0.0754882
,-4.42378e-09
,0
,0.0754554
,-0.996713
,-0.0295017
,0
,0.00222702
,-0.0294175
,0.999565
,0
,0
,0
,0
,1
]
,"children": [
{
 "name": "mixamorig:LeftUpLeg_$AssimpFbx$_Rotation"
,"transformation": [
 0.999523
,-0.0303038
,0.00595959
,0
,0.0306562
,0.996902
,-0.072429
,0
,-0.00374625
,0.0725772
,0.997356
,0
,0
,0
,0
,1
]
,"children": [
{
 "name": "mixamorig:LeftUpLeg"
,"transformation": [
 1
,0
,0
,0
,0
,1
,0
,0
,0
,0
,1
,0
,0
,0
,0
,1
]
,"children": [
{
 "name": "mixamorig:LeftLeg_$AssimpFbx$_Translation"
,"transformation": [
 1
,0
,0
,-2.32186e-08
,0
,1
,0
,18.6283
,0
,0
,1
,-6.36616e-09
,0
,0
,0
,1
]
,"children": [
{
 "name": "mixamorig:LeftLeg_$AssimpFbx$_PreRotation"
,"transformation": [
 0.995772
,-0.0913746
,-0.00947432
,0
,0.0918645
,0.990462
,0.102698
,0
,0
,-0.103134
,0.994668
,0
,0
,0
,0
,1
]
,"children": [
{
 "name": "mixamorig:LeftLeg"
,"transformation": [
 1
,0
,0
,0
,0
,1
,0
,0
,0
,0
,1
,0
,0
,0
,0
,1
]
,"children": [
{
 "name": "mixamorig:LeftFoot_$AssimpFbx$_Translation"
,"transformation": [
 1
,0
,0
,7.49773e-09
,0
,1
,0
,18.3209
,0
,0
,1
,-2.99103e-09
,0
,0
,0
,1
]
,"children": [
{
 "name": "mixamorig:LeftFoot_$AssimpFbx$_PreRotation"
,"transformation": [
 0.834217
,-0.551382
,-0.00770816
,0
,0
,0.0139783
,-0.999902
,0
,0.551436
,0.834136
,0.011661
,0
,0
,0
,0
,1
]
,"children": [
{
 "name": "mixamorig:LeftFoot_$AssimpFbx$_Rotation"
,"transformation": [
 0.999872
,-0.000853569
,0.0159948
,0
,-0.000406142
,0.996907
,0.078589
,0
,-0.0160125
,-0.0785854
,0.996779
,0
,0
,0
,0
,1
]
,"children": [
{
 "name": "mixamorig:LeftFoot"
,"transformation": [
 1
,0
,0
,0
,0
,1
,0
,0
,0
,0
,1
,0
,0
,0
,0
,1
]
,"children": [
{
 "name": "mixamorig:LeftToeBase_$AssimpFbx$_Translation"
,"transformation": [
 1
,0
,0
,-1.2884e-09
,0
,1
,0
,0.710984
,0
,0
,1
,-4.20346e-09
,0
,0
,0
,1
]
,"children": [
{
 "name": "mixamorig:LeftToeBase_$AssimpFbx$_PreRotation"
,"transformation": [
 0.532684
,0.46437
,0.707537
,0
,0
,0.836021
,-0.548697
,0
,-0.846314
,0.292282
,0.445335
,0
,0
,0
,0
,1
]
,"children": [
{
 "name": "mixamorig:LeftToeBase"
,"transformation": [
 1
,0
,0
,0
,0
,1
,0
,0
,0
,0
,1
,0
,0
,0
,0
,1
]
,"children": [
{
 "name": "mixamorig:LeftToe_End"
,"transformation": [
 1
,0
,0
,4.84648e-09
,0
,1
,0
,0.708003
,0
,0
,1
,-4.92399e-10
,0
,0
,0
,1
]
}
]
}
]
}
]
}
]
}
]
}
]
}
]
}
]
}
]
}
]
}
]
}
]
}
]
}
]
}
,{
 "name": "mixamorig:RightUpLeg_$AssimpFbx$_Translation"
,"transformation": [
 1
,0
,0
,-4.50749
,0
,1
,0
,-1.77363
,0
,0
,1
,-0.561981
,0
,0
,0
,1
]
,"children": [
{
 "name": "mixamorig:RightUpLeg_$AssimpFbx$_PreRotation"
,"transformation": [
 -0.997148
,0.0754661
,-5.3551e-09
,0
,-0.0754113
,-0.996424
,-0.0381031
,0
,-0.00287549
,-0.0379944
,0.999274
,0
,0
,0
,0
,1
]
,"children": [
{
 "name": "mixamorig:RightUpLeg_$AssimpFbx$_Rotation"
,"transformation": [
 0.99955
,0.029329
,-0.00636292
,0
,-0.0297476
,0.996286
,-0.0808038
,0
,0.0039694
,0.0809567
,0.99671
,0
,0
,0
,0
,1
]
,"children": [
{
 "name": "mixamorig:RightUpLeg"
,"transformation": [
 1
,0
,0
,0
,0
,1
,0
,0
,0
,0
,1
,0
,0
,0
,0
,1
]
,"children": [
{
 "name": "mixamorig:RightLeg_$AssimpFbx$_Translation"
,"transformation": [
 1
,0
,0
,1.3819e-08
,0
,1
,0
,18.6336
,0
,0
,1
,-1.95754e-08
,0
,0
,0
,1
]
,"children": [
{
 "name": "mixamorig:RightLeg_$AssimpFbx$_PreRotation"
,"transformation": [
 0.995775
,0.09138
,0.00904209
,0
,-0.0918262
,0.990936
,0.0980535
,0
,0
,-0.0984696
,0.99514
,0
,0
,0
,0
,1
]
,"children": [
{
 "name": "mixamorig:RightLeg"
,"transformation": [
 1
,0
,0
,0
,0
,1
,0
,0
,0
,0
,1
,0
,0
,0
,0
,1
]
,"children": [
{
 "name": "mixamorig:RightFoot_$AssimpFbx$_Translation"
,"transformation": [
 1
,0
,0
,-4.82473e-09
,0
,1
,0
,18.3307
,0
,0
,1
,-6.32628e-08
,0
,0
,0
,1
]
,"children": [
{
 "name": "mixamorig:RightFoot_$AssimpFbx$_PreRotation"
,"transformation": [
 0.900751
,0.434199
,-0.010896
,0
,0
,-0.0250867
,-0.999685
,0
,-0.434336
,0.900468
,-0.0225969
,0
,0
,0
,0
,1
]
,"children": [
{
 "name": "mixamorig:RightFoot_$AssimpFbx$_Rotation"
,"transformation": [
 0.99998
,9.86297e-05
,-0.00629745
,0
,0.000414476
,0.996679
,0.0814251
,0
,0.00628457
,-0.081426
,0.99666
,0
,0
,0
,0
,1
]
,"children": [
{
 "name": "mixamorig:RightFoot"
,"transformation": [
 1
,0
,0
,0
,0
,1
,0
,0
,0
,0
,1
,0
,0
,0
,0
,1
]
,"children": [
{
 "name": "mixamorig:RightToeBase_$AssimpFbx$_Translation"
,"transformation": [
 1
,0
,0
,7.90617e-09
,0
,1
,0
,0.90339
,0
,0
,1
,-3.5883e-09
,0
,0
,0
,1
]
,"children": [
{
 "name": "mixamorig:RightToeBase_$AssimpFbx$_PreRotation"
,"transformation": [
 0.575701
,-0.354194
,-0.736964
,0
,0
,0.901308
,-0.43318
,0
,0.81766
,0.249382
,0.518884
,0
,0
,0
,0
,1
]
,"children": [
{
 "name": "mixamorig:RightToeBase"
,"transformation": [
 1
,0
,0
,0
,0
,1
,0
,0
,0
,0
,1
,0
,0
,0
,0
,1
]
,"children": [
{
 "name": "mixamorig:RightToe_End"
,"transformation": [
 1
,0
,0
,-3.30028e-09
,0
,1
,0
,0.773552
,0
,0
,1
,-3.45275e-09
,0
,0
,0
,1
]
}
]
}
]
}
]
}
]
}
]
}
]
}
]
}
]
}
]
}
]
}
]
}
]
}
]
}
]
}
]
}
]
}
,"flags": 8
,"meshes": [
{
 "name": "sub01mesh"
,"materialindex": 0
,"primitivetypes": 4
,"vertices": [
 1.3226
,18.7518
,-1.1011
,1.4498
,18.6599
,-0.9197
,1.2634
,18.6101
,-0.9231
,0.8052
,17.3984
,0.3899
,0.6748
,17.7679
,0.7449
,0.7946
,17.6954
,0.5224
,2.1613
,22.7742
,-2.909
,0.4053
,23.3329
,-3.3428
,1.4012
,23.5787
,-1.5995
,1.308
,22.3187
,2.0368
,2.8233
,22.2719
,-0.7241
,1.3009
,23.5828
,-0.0984
,2.4349
,21.7496
,0.9895
,0.401
,19.3943
,2.4844
,1.1107
,19.4441
,0.8576
,0.8447
,19.7432
,0.8033
,0.9619
,17.5553
,0.4297
,2.6705
,19.0621
,-0.7385
,2.8181
,18.7662
,0.0304
,2.5297
,18.7036
,-0.5774
,0.208
,18.0096
,2.4005
,0.3917
,17.9927
,0.7586
,0.2393
,17.8982
,0.7908
,0.4891
,18.0345
,-2.0565
,0.2538
,17.8357
,-2.5476
,0.5836
,17.9057
,-2.2346
,1.5778
,19.5474
,-4.1608
,1.3155
,18.0288
,-2.9795
,0
,18.6169
,-4.4454
,0.8771
,18.9894
,-0.3842
,0.4159
,19.0464
,-0.5126
,0.5226
,19.1736
,-0.5199
,0.9013
,18.6626
,-1.0865
,0.8362
,18.6963
,-1.2143
,1.004
,18.6985
,-0.8714
,2.0426
,17.466
,-1.399
,1.7934
,18.512
,-3.3606
,2.6294
,18.5083
,-1.6184
,2.0443
,18.4537
,-1.0212
,2.323
,18.8415
,-0.5848
,2.0405
,18.8152
,-0.7774
,0.9779
,17.7293
,0.4714
,1.1039
,17.676
,0.6266
,0.6849
,17.3469
,1.2576
,0.694
,17.4103
,1.146
,0.7846
,17.3825
,1.3615
,0.7619
,17.5157
,0.7823
,0.8818
,17.2642
,0.5167
,2.7462
,18.6372
,0.5105
,2.6396
,18.4491
,0.6541
,2.6235
,18.6745
,0.3482
,1.5129
,18.7398
,1.2675
,2.1349
,20.5513
,1.5007
,2.3369
,18.9911
,1.2696
,1.2145
,17.7313
,1.5518
,1.6965
,18.0186
,1.5663
,2.0643
,20.0429
,1.7603
,2.1078
,20.4746
,1.8413
,1.7513
,20.3665
,2.0863
,0.9866
,20.548
,2.2855
,0.8468
,21.0492
,2.4918
,0.2345
,20.3489
,2.4555
,-1.9618
,18.7338
,1.8789
,-0.5108
,19.5413
,2.2163
,-0.8447
,19.7432
,0.8033
,-0.3035
,18.9485
,-0.3464
,-0.1075
,19.3225
,2.7251
,-0.6499
,18.7622
,-0.1772
,-0.3697
,17.6238
,1.8814
,-0.5509
,18.0934
,0.8411
,-0.2393
,17.8982
,0.7908
,-1.5493
,18.0082
,-0.9568
,-1.7474
,18.2472
,-1.184
,-1.458
,17.4626
,-0.9321
,0
,18.736
,0.1336
,0.02
,18.6831
,0.5817
,-0.2499
,18.0138
,-1.0895
,-0.0756
,18.2415
,-0.9817
,-0.708
,18.3659
,-1.2613
,-0.7386
,18.3188
,-2.0479
,-0.5836
,17.9057
,-2.2346
,-0.5861
,18.2965
,-1.9903
,-0.8771
,18.9894
,-0.3842
,-0.8423
,18.8427
,-0.4611
,-0.5226
,19.1736
,-0.5199
,-1.004
,18.6985
,-0.8714
,-0.8362
,18.6963
,-1.2143
,-0.9013
,18.6626
,-1.0865
,-0.9383
,18.1911
,0.2377
,-0.8219
,18.6951
,0.125
,-0.7409
,18.7
,0.2799
,-1.2909
,18.5749
,-0.78
,-1.1503
,18.5543
,-1.2569
,-1.3292
,18.7256
,-0.7502
,-0.6226
,17.7194
,0.6821
,-0.4639
,18.1118
,0.7535
,-2.1736
,18.5868
,-0.1801
,-2.0373
,18.9207
,-0.5304
,-2.0099
,18.7749
,-0.4459
,-0.7619
,17.5157
,0.7823
,-0.98
,17.3391
,0.6487
,-0.8818
,17.2642
,0.5167
,-2.6294
,18.5083
,-1.6184
,-2.906
,19.0157
,-1.5451
,-2.353
,19.4244
,-3.2569
,-2.8181
,18.7662
,0.0304
,-2.616
,18.6173
,0.1418
,-2.6705
,19.0621
,-0.7385
,0
,17.1514
,2.6307
,0
,18.1487
,2.4634
,-0.208
,18.0096
,2.4005
,-0.428
,19.046
,2.5131
,-0.7735
,18.6423
,2.1038
,-0.4964
,18.2274
,2.2097
,0
,19.3894
,2.7616
,-0.117
,20.145
,2.3775
,-0.2748
,19.2312
,2.6915
,-1.0363
,17.273
,0.6404
,-1.0445
,17.9322
,0.7427
,-0.9536
,19.1814
,0.7448
,-1.3766
,18.5952
,1.1731
,-1.7324
,19.0119
,1.3972
,-2.1423
,18.0031
,1.2865
,-2.7462
,18.6372
,0.5105
,-2.6396
,18.4491
,0.6541
,-0.7229
,17.3533
,1.4698
,-0.6325
,17.7984
,0.878
,-0.7222
,17.2756
,1.671
,-0.6844
,17.3758
,1.5186
,-1.3418
,18.9299
,0.3242
,-1.2265
,18.8906
,-0.1894
,-1.0347
,18.7821
,-0.1274
,-0.9866
,17.8684
,0.512
,-0.649
,17.7542
,0.4047
,-0.9619
,17.5553
,0.4297
,-1.5408
,18.4124
,-1.3629
,-1.4581
,18.1466
,-0.9862
,-1.6096
,18.2449
,-1.2138
,-1.0143
,18.6145
,-1.0418
,-0.8707
,18.5201
,-1.2525
,-0.3588
,18.1601
,-1.9388
,-0.4982
,18.0605
,-1.7564
,-1.3129
,18.1259
,-1.6328
,-1.5983
,18.174
,-1.5248
,-2.0214
,18.4044
,-2.9191
,-0.6094
,17.9159
,-2.9319
,-1.3617
,17.8514
,-2.282
,-0.9779
,17.7293
,0.4714
,-1.0855
,17.6267
,0.6663
,-1.0398
,17.7506
,0.6916
,-0.4643
,19.0996
,-0.3767
,-0.8484
,18.8638
,-0.2932
,-1.8003
,20.4974
,1.8404
,-1.0984
,20.2394
,0.7907
,-0.8687
,20.3902
,0.8246
,-3.0991
,21.5317
,-1.6444
,-2.6299
,22.2393
,-2.8912
,0.428
,19.046
,2.5131
,0.4964
,18.2274
,2.2097
,0.7735
,18.6423
,2.1038
,2.5925
,18.9041
,-0.9344
,2.5345
,18.7139
,-1.3239
,0.7229
,17.3533
,1.4698
,0.6839
,17.2949
,1.6768
,0.5128
,17.1314
,2.2352
,0.6613
,18.9177
,0.6536
,1.032
,18.8137
,0.2877
,1.0668
,18.8281
,0.64
,0.649
,17.7542
,0.4047
,0.7087
,18.0479
,0.5706
,0.8558
,17.8619
,0.4768
,2.1677
,18.7083
,-0.1529
,2.0174
,18.8163
,0.0348
,1.0143
,18.6145
,-1.0418
,1.1503
,18.5543
,-1.2569
,1.3292
,18.7256
,-0.7502
,0.6523
,18.1084
,-2.2536
,0.8484
,18.8638
,-0.2932
,0.4644
,19.0996
,-0.3767
,1.458
,17.4626
,-0.9321
,1.5493
,18.0082
,-0.9568
,1.475
,18.0435
,-1.0104
,0.077
,17.9294
,0.7421
,0.4617
,17.9746
,1.0469
,0.3035
,18.9485
,-0.3464
,1.8003
,20.4974
,1.8404
,0.8687
,20.3902
,0.8246
,2.8067
,21.6287
,-2.9094
,3.0991
,21.5317
,-1.6444
,-0.5461
,23.6965
,-2.5844
,0
,23.9589
,-1.4816
,1.2078
,22.1683
,-4.1249
,-1.7133
,22.4739
,-3.7259
,2.353
,19.4244
,-3.2569
,0.6185
,19.9986
,-4.7301
,1.0984
,20.2394
,0.7907
,0.5689
,18.4925
,0.122
,1.2265
,18.8906
,-0.1894
,0.961
,18.7666
,-0.1944
,1.0373
,18.9898
,-0.2422
,1.3472
,18.5615
,-0.6116
,0.9866
,17.8684
,0.512
,0.8912
,17.7894
,0.3194
,0.6476
,18.6541
,0.6846
,1.8603
,18.6927
,-0.0888
,1.8981
,17.6115
,-1.3232
,1.5663
,17.9152
,-1.8399
,1.6974
,17.8132
,-2.0115
,0.3697
,17.6238
,1.8814
,1.4363
,19.1208
,1.0682
,1.9618
,18.7338
,1.8789
,2.3216
,19.2539
,1.422
,-0.044
,19.0837
,2.4475
,-0.077
,17.9294
,0.7421
,-1.4498
,18.6599
,-0.9197
,-1.8096
,18.9083
,-0.894
,-0.9618
,20.6264
,2.3436
,-1.2634
,18.6101
,-0.9231
,-1.467
,18.0144
,-1.7866
,-0.4158
,19.0464
,-0.5126
,-0.961
,18.7666
,-0.1944
,-0.8873
,18.6683
,-0.0475
,-1.0326
,18.848
,-0.3287
,-2.2289
,18.6605
,-0.8386
,-1.8603
,18.6927
,-0.0888
,-1.7278
,18.9068
,0.0978
,-1.2296
,18.8981
,0.5864
,-2.0426
,17.466
,-1.399
,-1.6974
,17.8132
,-2.0115
,-1.7033
,18.3116
,-1.2881
,-0.7946
,17.6954
,0.5224
,-2.6934
,18.9435
,-1.0422
,-2.5297
,18.7036
,-0.5774
,-2.2864
,19.026
,1.2652
,-2.4149
,18.9288
,1.2703
,-2.3216
,19.2539
,1.422
,-1.9854
,20.1305
,1.3462
,-1.2109
,18.7266
,0.5771
,-1.4363
,19.1208
,1.0682
,-2.3383
,19.7464
,1.4183
,-1.8864
,18.058
,1.3966
,-1.7513
,20.3665
,2.0863
,-2.0731
,19.6758
,1.5115
,-1.2145
,17.7313
,1.5518
,-1.6965
,18.0186
,1.5663
,-0.914
,18.7033
,2.2812
,-2.092
,20.7265
,1.7326
,-2.6235
,18.6745
,0.3482
,-2.7949
,18.8383
,0.3409
,-1.4865
,18.7892
,0.5463
,-0.9347
,17.9671
,0.681
,-2.0379
,17.7232
,-2.0861
,-2.0175
,17.8809
,-2.3883
,-2.0214
,18.2841
,-1.1038
,-2.0174
,18.8163
,0.0348
,-1.6623
,18.8996
,0.3094
,-0.6748
,17.7679
,0.7449
,-1.9801
,18.6708
,-0.3408
,-0.8912
,17.7894
,0.3194
,-0.7087
,18.0479
,0.5706
,-2.5345
,18.7139
,-1.3239
,-2.3805
,17.7706
,-1.6837
,-1.8931
,18.8801
,-1.1656
,-1.2081
,18.5386
,-1.351
,-1.0029
,18.136
,-1.6921
,-0.7459
,18.8171
,-0.5706
,-1.2385
,19.1617
,-4.222
,-0.6075
,18.5082
,-1.3415
,-0.6468
,18.6445
,-1.0827
,-0.7147
,17.6118
,0.6504
,-0.744
,17.4528
,0.4884
,-0.9707
,17.4205
,0.3211
,-1.308
,22.3187
,2.0368
,-0.8468
,21.0492
,2.4918
,-0.4407
,23.2028
,1.5012
,-0.3002
,23.8187
,0.1592
,-1.3226
,18.7518
,-1.1011
,1.1876
,17.8495
,0.9753
,1.1446
,17.3773
,1.4113
,0.9871
,17.241
,1.8859
,0.9181
,17.1832
,1.7639
,1.0134
,17.2184
,1.96
,0.5616
,17.1713
,1.9656
,0.525
,17.7934
,0.7734
,1.2909
,18.5749
,-0.78
,0.7409
,18.7
,0.2799
,1.0239
,18.3889
,0.0016
,1.467
,18.0144
,-1.7866
,0.8707
,18.5201
,-1.2525
,0.708
,18.3659
,-1.2613
,0.7332
,18.3024
,-1.9418
,1.5931
,18.3176
,-1.4578
,0.3035
,19.0236
,0.3763
,0
,17.9107
,0.6285
,0.4953
,20.0145
,2.1213
,0.6499
,18.7622
,-0.1772
,1.2081
,18.5386
,-1.351
,1.3129
,18.1259
,-1.6328
,1.8931
,18.8801
,-1.1656
,0.9347
,17.9671
,0.681
,0
,17.1322
,2.3996
,2.616
,18.6173
,0.1418
,0.914
,18.7033
,2.2812
,-1.16
,18.2953
,-1.3075
,-0.8993
,20.0377
,-4.6525
,-0.5773
,20.1921
,2.1202
,-0.126
,18.0535
,-1.3119
,-0.5943
,17.6748
,0.3831
,-1.032
,18.8137
,0.2877
,-0.6849
,17.3469
,1.2576
,-0.7846
,17.3825
,1.3615
,-2.6074
,18.8706
,0.6781
,-1.0577
,17.3701
,1.1121
,-0.7419
,17.2559
,2.3834
,-2.0064
,18.1341
,-1.1979
,0
,18.7766
,-0.4982
,-0.5689
,18.4925
,0.122
,-2.6685
,21.6415
,0.5194
,-2.8233
,22.2719
,-0.7241
,0.9683
,17.25
,1.4827
,0.7837
,17.3028
,2.2363
,0.7819
,17.1593
,2.0026
,0.863
,17.2123
,2.2109
,0.0601
,17.1555
,2.3073
,0.6844
,17.3758
,1.5186
,0.9536
,19.1814
,0.7448
,1.2109
,18.7266
,0.5771
,0.6216
,17.6743
,0.2729
,1.2065
,18.8961
,-0.649
,0.6468
,18.6445
,-1.0827
,0.6075
,18.5082
,-1.3415
,0.7979
,18.1295
,-1.5163
,0.0756
,18.2415
,-0.9817
,0.126
,18.0535
,-1.3119
,0.2499
,18.0138
,-1.0895
,1.8096
,18.9083
,-0.894
,2.1423
,18.0031
,1.2865
,1.4142
,18.9635
,2.0415
,-0.8094
,18.2251
,-1.83
,-1.2065
,18.8961
,-0.649
,-0.0601
,17.1555
,2.3073
,-0.582
,17.2565
,1.9816
,-1.0134
,17.2184
,1.96
,-0.7819
,17.1593
,2.0026
,-0.7837
,17.3028
,2.2363
,-0.7148
,17.6631
,0.577
,-0.7588
,17.3904
,1.0499
,-2.4186
,18.505
,-0.3127
,-2.1677
,18.7083
,-0.1529
,-0.6613
,18.9177
,0.6536
,-1.4699
,18.6673
,-0.5566
,-0.4897
,18.8532
,-0.8876
,-1.3009
,23.5828
,-0.0984
,2.0731
,19.6758
,1.5115
,1.9986
,19.2653
,1.5372
,0.5365
,17.169
,2.1291
,1.0029
,18.136
,-1.6921
,2.4186
,18.505
,-0.3127
,1.1195
,17.399
,0.4021
,1.16
,18.2953
,-1.3075
,1.1683
,18.0835
,-1.3374
,1.4738
,18.9102
,0.2633
,0.5509
,18.0934
,0.8411
,0.204
,17.2878
,2.5215
,-1.4012
,23.5787
,-1.5995
,-2.0643
,20.0429
,1.7603
,-0.694
,17.4103
,1.146
,-1.1446
,17.3773
,1.4113
,-1.1541
,17.3433
,1.5461
,-1.1683
,18.0835
,-1.3374
,-1.1189
,19.0849
,-0.3403
,-1.8966
,21.8941
,-3.8766
,0.7588
,17.3904
,1.0499
,0.98
,17.3391
,0.6487
,1.7033
,18.3116
,-1.2881
,-0.204
,17.2878
,2.5215
,0
,17.1243
,2.4993
,0.0513
,17.1863
,2.5126
,0.5861
,18.2965
,-1.9903
,-0.0513
,17.1863
,2.5126
,-0.9683
,17.25
,1.4827
,0.1608
,16.1755
,-2.2015
,0.4689
,16.2297
,-1.9897
,0.8652
,16.114
,-2.0836
,-0.0058
,16.2412
,-3.5449
,0.1619
,15.8925
,-3.6523
,-0.1735
,15.8925
,-3.6523
,-0.3895
,15.6041
,-1.9049
,-0.0948
,15.3422
,-1.1117
,-1.1427
,15.887
,-1.7089
,0.3779
,15.6041
,-1.9049
,1.1442
,15.853
,-1.7265
,-0.8918
,15.8435
,-1.4994
,-0.6518
,16.0484
,-1.6731
,-0.3011
,15.8786
,-1.0541
,-0.4602
,16.2919
,-1.5153
,-1.0092
,16.2268
,-1.7578
,-0.8766
,16.114
,-2.0836
,-0.4834
,15.7061
,-2.4625
,-0.884
,15.7256
,-2.3649
,-0.4659
,15.979
,-2.3509
,-0.4804
,16.2297
,-1.9897
,-0.0058
,16.1507
,-2.6899
,-0.4835
,16.0283
,-1.852
,-0.39
,15.7639
,-2.2049
,-0.0058
,16.0388
,-1.4845
,0.4718
,15.7061
,-2.4625
,-0.0932
,15.6071
,-2.4519
,0.9192
,16.2915
,-1.6726
,1.1025
,16.1021
,-1.9092
,0.4487
,16.2919
,-1.5153
,0.2895
,15.8786
,-1.0541
,0.8804
,15.8435
,-1.4994
,0.7134
,16.1816
,-1.8021
,0.8727
,15.7256
,-2.3649
,0.4719
,16.0283
,-1.852
,0.3784
,15.7639
,-2.2049
,0.6403
,16.0484
,-1.6731
,0.1608
,15.4948
,-2.3472
,0.4689
,15.5436
,-2.1341
,0.8802
,15.4303
,-2.2306
,-0.3895
,14.9161
,-2.0636
,-0.0948
,14.6343
,-1.2766
,-1.296
,15.3138
,-1.8836
,0.3779
,14.9161
,-2.0636
,1.2845
,15.3138
,-1.8836
,-0.9072
,15.1452
,-1.6528
,-0.4835
,15.3388
,-2.0011
,-1.1329
,15.6935
,-1.9065
,-0.3011
,15.1691
,-1.2067
,-0.4602
,15.5938
,-1.6584
,-0.4804
,15.5436
,-2.1341
,-0.8993
,15.0492
,-2.5208
,-0.4834
,15.0321
,-2.6189
,-0.4659
,15.3021
,-2.501
,-0.0058
,15.4822
,-2.836
,-0.1735
,15.2484
,-3.8042
,-0.39
,15.0834
,-2.36
,-0.0058
,15.3401
,-1.6333
,0.4718
,15.0321
,-2.6189
,0.0816
,14.9328
,-2.6105
,0.1619
,15.2484
,-3.8042
,-0.0058
,15.5943
,-3.6889
,1.1213
,15.6935
,-1.9065
,0.4487
,15.5938
,-1.6584
,0.2895
,15.1691
,-1.2067
,0.8956
,15.1452
,-1.6528
,0.4719
,15.3388
,-2.0011
,0.3784
,15.0834
,-2.36
,1.7217
,11.6223
,0.9403
,2.9908
,11.9267
,0.5359
,1.0877
,11.7401
,1.1376
,0.8185
,11.7895
,0.2902
,3.6808
,12.8015
,-0.2131
,4.9247
,13.3521
,-1.2649
,4.4611
,12.9979
,-1.4118
,2.5127
,12.3173
,0.8858
,1.0279
,12.3151
,1.1378
,3.3516
,12.1483
,0.5485
,3.0798
,12.5476
,0.4366
,6.435
,13.1384
,-0.9164
,3.0253
,12.426
,0.1552
,2.7015
,12.1086
,0.3181
,2.8101
,12.5554
,0.4637
,1.1515
,12.665
,0.6574
,5.7837
,13.4014
,-1.8294
,5.7265
,13.1374
,-1.9263
,6.4581
,13.2303
,-1.3893
,6.0311
,12.9358
,-1.7416
,5.1233
,13.1254
,-1.6229
,4.513
,12.6961
,-1.4084
,3.8546
,12.5635
,-0.5452
,5.4823
,12.9456
,-1.4272
,-1.7217
,11.6223
,0.9403
,-2.7015
,12.1086
,0.3181
,-0.8185
,11.7895
,0.2902
,-1.0279
,12.3151
,1.1378
,-1.0877
,11.7401
,1.1376
,-1.1515
,12.665
,0.6574
,-2.5127
,12.3173
,0.8858
,-3.3516
,12.1483
,0.5485
,-1.8125
,11.7954
,1.0963
,-3.6808
,12.8015
,-0.2131
,-3.4966
,12.5106
,0.3666
,-4.9247
,13.3521
,-1.2649
,-5.5202
,12.9324
,-0.9607
,-4.9809
,12.8633
,-0.8022
,-4.7295
,13.1155
,-1.499
,-5.7837
,13.4014
,-1.8294
,-6.4581
,13.2303
,-1.3893
,-5.7265
,13.1374
,-1.9263
,-6.0311
,12.9358
,-1.7416
,-3.0253
,12.426
,0.1552
,-2.8101
,12.5554
,0.4637
,-4.0051
,12.8206
,-0.8176
,-4.513
,12.6961
,-1.4084
,-5.1233
,13.1254
,-1.6229
,-3.639
,12.4985
,-0.2952
,-3.9406
,12.2586
,-0.0785
,-4.4309
,12.5252
,-0.5608
,-5.4823
,12.9456
,-1.4272
,-6.435
,13.1384
,-0.9164
,-6.0808
,13.1681
,-0.8874
,0.6557
,6.7519
,-3.8091
,0.3728
,6.8443
,-3.6988
,0.1431
,6.8782
,-4.0346
,0.3211
,7.433
,-3.7644
,0.2962
,7.0764
,-4.1477
,0.6569
,7.422
,-3.6879
,0.7058
,7.265
,-4.0514
,-0.3211
,7.433
,-3.7644
,-0.4289
,7.4777
,-2.5251
,0.4289
,7.4777
,-2.5251
,0.8607
,7.3968
,-3.3484
,0.8555
,7.4399
,-2.9961
,0.4042
,6.6522
,-3.8757
,0.7279
,6.7868
,-3.5715
,0.6106
,6.4811
,-3.567
,0.6595
,6.8542
,-4.0867
,0.6448
,6.1869
,-4.2759
,-0.0002
,6.8855
,-4.3749
,0.4865
,6.9385
,-4.3084
,-0.0001
,6.6859
,-4.0351
,0.8874
,6.9929
,-4.1753
,1.3348
,7.3146
,-4.6487
,1.1492
,7.0556
,-4.8348
,1.1188
,7.1837
,-4.8522
,0.9492
,6.6539
,-3.9481
,0.9613
,7.1124
,-3.7949
,0.8148
,7.1539
,-4.076
,0.9338
,7.1264
,-4.2382
,0.8299
,6.7248
,-3.9983
,0.1911
,6.2344
,-4.4432
,0.5111
,6.2383
,-3.9824
,-0.3728
,6.8443
,-3.6988
,-0.6106
,6.4811
,-3.567
,0.1383
,5.7336
,-4.639
,0.1794
,5.8876
,-4.995
,0.0008
,6.0115
,-4.9556
,0.0006
,6.298
,-4.7277
,0.9129
,6.9752
,-3.9623
,1.0097
,6.9703
,-4.1137
,0.7904
,7.1393
,-3.5395
,0.7126
,7.2886
,-2.6948
,0.7809
,6.6072
,-2.8739
,-0.3685
,6.7829
,-2.4143
,0.3685
,6.7829
,-2.4143
,-0.7809
,6.6072
,-2.8739
,-0.1431
,6.8782
,-4.0346
,-0.6557
,6.7519
,-3.8091
,-0.2962
,7.0764
,-4.1477
,-0.8148
,7.1539
,-4.076
,-0.8555
,7.4399
,-2.9961
,-0.4042
,6.6522
,-3.8757
,-0.7279
,6.7868
,-3.5715
,-0.6595
,6.8542
,-4.0867
,-1.3348
,7.3146
,-4.6487
,-0.8874
,6.9929
,-4.1753
,-1.1188
,7.1837
,-4.8522
,-1.1492
,7.0556
,-4.8348
,-0.9613
,7.1124
,-3.7949
,-0.9492
,6.6539
,-3.9481
,-0.8299
,6.7248
,-3.9983
,-0.9338
,7.1264
,-4.2382
,-0.1794
,5.8876
,-4.995
,-0.5111
,6.2383
,-3.9824
,-0.1911
,6.2344
,-4.4432
,-0.4865
,6.9385
,-4.3084
,-0.1383
,5.7336
,-4.639
,-0.6448
,6.1869
,-4.2759
,-1.0097
,6.9703
,-4.1137
,-0.7904
,7.1393
,-3.5395
,-0.7126
,7.2886
,-2.6948
,0.1455
,5.9856
,-3.911
,0.3791
,5.834
,-3.5412
,0.4256
,6.3662
,-3.647
,0.8038
,6.1393
,-3.3883
,0.6681
,6.4216
,-3.5478
,0.8701
,6.4633
,-2.8452
,-0.3266
,6.4302
,-3.6259
,0.4362
,6.5177
,-2.3677
,0.3266
,6.4302
,-3.6259
,-0.0001
,5.4246
,-3.9538
,0.411
,5.6327
,-3.7151
,0.6669
,5.7363
,-3.6504
,0.7403
,5.7799
,-3.41
,0.3012
,6.1865
,-4.0274
,-0.0002
,6.0485
,-4.26
,0.4948
,6.103
,-4.1927
,0.9884
,6.1356
,-4.5874
,0.6707
,5.9609
,-3.9639
,0.6558
,5.2808
,-4.1519
,0.8287
,6.2658
,-3.9549
,0.9362
,6.3511
,-4.5528
,0.9776
,6.1033
,-3.6471
,0.844
,5.8299
,-3.8732
,0.9653
,5.7582
,-3.8216
,0.621
,5.4283
,-3.4808
,-0.1933
,5.5589
,-3.4316
,-0.7984
,5.5178
,-3.1716
,0.5198
,5.1413
,-3.8443
,0.1824
,4.9712
,-4.8812
,0.1944
,5.3279
,-4.3224
,0.1406
,4.8172
,-4.5182
,0.3239
,5.8432
,-4.1245
,0.0008
,5.0975
,-4.842
,0.9025
,6.1013
,-4.0549
,1.117
,6.4857
,-4.3466
,0.9497
,6.2366
,-4.1198
,1.0269
,6.0787
,-3.9921
,0.7984
,5.5178
,-3.1716
,0.6365
,5.6719
,-2.4286
,-0.6365
,5.6719
,-2.4286
,-0.4256
,6.3662
,-3.647
,-0.3791
,5.834
,-3.5412
,-0.1455
,5.9856
,-3.911
,-0.8701
,6.4633
,-2.8452
,-0.8287
,6.2658
,-3.9549
,-0.8038
,6.1393
,-3.3883
,-0.4362
,6.5177
,-2.3677
,-0.411
,5.6327
,-3.7151
,-0.7403
,5.7799
,-3.41
,-0.6669
,5.7363
,-3.6504
,-0.3012
,6.1865
,-4.0274
,-0.6707
,5.9609
,-3.9639
,-0.9884
,6.1356
,-4.5874
,-0.4948
,6.103
,-4.1927
,-0.6558
,5.2808
,-4.1519
,-0.9362
,6.3511
,-4.5528
,-0.9776
,6.1033
,-3.6471
,-0.9653
,5.7582
,-3.8216
,-0.844
,5.8299
,-3.8732
,-0.621
,5.4283
,-3.4808
,-0.5198
,5.1413
,-3.8443
,-0.1824
,4.9712
,-4.8812
,-0.1406
,4.8172
,-4.5182
,-0.1944
,5.3279
,-4.3224
,-0.3239
,5.8432
,-4.1245
,-0.9025
,6.1013
,-4.0549
,-1.117
,6.4857
,-4.3466
,-1.0269
,6.0787
,-3.9921
,-0.9497
,6.2366
,-4.1198
,-0.0001
,5.7901
,-3.9103
,0.6769
,4.458
,-3.3491
,0.3848
,4.5876
,-3.2545
,0.1477
,4.7201
,-3.6495
,0.432
,5.2042
,-3.4431
,0.3057
,4.9431
,-3.7974
,-0.3315
,5.2828
,-3.4318
,-0.4427
,5.5465
,-2.1814
,0.7458
,5.4859
,-2.3767
,0.8885
,5.3099
,-3.0024
,0.6781
,5.2825
,-3.352
,0.4172
,4.3271
,-3.3981
,0.7514
,4.5402
,-3.1143
,0.6303
,4.1149
,-3.1311
,0.6808
,4.6841
,-3.6988
,0.7632
,5.2609
,-4.0802
,0.3315
,5.2828
,-3.4318
,0.6656
,3.8549
,-3.7825
,-0.0002
,4.7501
,-4.0098
,0.5022
,4.8232
,-3.9506
,-0.0001
,4.4887
,-3.6186
,0.8411
,5.0462
,-3.7369
,0.916
,4.8388
,-3.8119
,0.6754
,4.8157
,-4.268
,0.5624
,4.9051
,-4.0275
,0.9798
,4.4622
,-3.5245
,0.9923
,4.8929
,-3.4025
,0.9639
,4.9907
,-3.8979
,0.8567
,4.5405
,-3.5874
,1.0423
,4.82
,-3.7453
,-0.1962
,4.2759
,-3.102
,0
,3.6925
,-3.9064
,0.1973
,3.889
,-3.961
,0.2111
,3.9332
,-3.5534
,0.5276
,3.7288
,-3.4519
,-0.0001
,4.0503
,-3.6057
,0.1427
,3.2593
,-4.0788
,0.2156
,3.2718
,-4.3636
,0.0008
,3.55
,-4.4474
,0.8159
,4.9685
,-3.1481
,0.8104
,4.2602
,-2.8344
,0.4348
,5.3619
,-2.1176
,0.6461
,4.5372
,-2.1118
,-0.3804
,4.7677
,-1.9287
,0.3171
,4.5795
,-1.9296
,-0.6461
,4.5372
,-2.1118
,-0.0001
,4.2084
,-3.1843
,-0.1477
,4.7201
,-3.6495
,-0.3848
,4.5876
,-3.2545
,-0.6769
,4.458
,-3.3491
,-0.3057
,4.9431
,-3.7974
,-0.432
,5.2042
,-3.4431
,-0.6781
,5.2825
,-3.352
,-0.8885
,5.3099
,-3.0024
,-0.7458
,5.4859
,-2.3767
,-0.4172
,4.3271
,-3.3981
,-0.6303
,4.1149
,-3.1311
,-0.7514
,4.5402
,-3.1143
,-0.6808
,4.6841
,-3.6988
,-0.7632
,5.2609
,-4.0802
,-0.5022
,4.8232
,-3.9506
,-0.6656
,3.8549
,-3.7825
,-0.916
,4.8388
,-3.8119
,-0.8411
,5.0462
,-3.7369
,-0.5624
,4.9051
,-4.0275
,-0.6754
,4.8157
,-4.268
,-0.9923
,4.8929
,-3.4025
,-0.9798
,4.4622
,-3.5245
,-0.8567
,4.5405
,-3.5874
,-0.9639
,4.9907
,-3.8979
,-1.0423
,4.82
,-3.7453
,-0.2156
,3.2718
,-4.3636
,-0.2111
,3.9332
,-3.5534
,-0.1973
,3.889
,-3.961
,-0.5276
,3.7288
,-3.4519
,-0.1427
,3.2593
,-4.0788
,-0.8159
,4.9685
,-3.1481
,-0.8104
,4.2602
,-2.8344
,0.1477
,3.4918
,-3.2577
,0.3848
,3.3898
,-2.9331
,0.432
,3.9432
,-3.1115
,0.8159
,3.7335
,-2.7993
,0.6781
,4.0291
,-3.0268
,0.8885
,4.0864
,-2.6807
,-0.4427
,4.4129
,-1.8822
,0.3315
,4.0225
,-3.1064
,0.5276
,2.4545
,-3.0404
,0.4172
,3.1188
,-3.033
,0.6769
,3.2525
,-3.0173
,0.7514
,3.3546
,-2.7898
,0.3057
,3.7014
,-3.4225
,-0.0002
,3.4908
,-3.6191
,0.5022
,3.5688
,-3.5657
,0.6754
,3.534
,-3.8814
,0.6808
,3.4517
,-3.3041
,0.7632
,3.994
,-3.729
,0.5624
,3.6438
,-3.6488
,0.8411
,3.8095
,-3.3702
,0.8567
,3.3143
,-3.2611
,0.9798
,3.2415
,-3.1923
,0.6303
,2.9329
,-2.6942
,0.1962
,3.0959
,-2.6777
,0
,2.4016
,-3.4999
,0.2111
,2.6491
,-3.1673
,-0.0001
,2.8241
,-3.2369
,0.1973
,2.5885
,-3.6568
,0.3846
,2.6622
,-3.6239
,-0.0001
,3.0216
,-2.7545
,0.8104
,3.0543
,-2.4315
,-0.3315
,4.0225
,-3.1064
,0.6752
,2.8718
,-3.5088
,-0.0001
,3.2599
,-3.2881
,-0.0002
,2.9235
,-3.8387
,0.916
,3.5962
,-3.4288
,1.0423
,3.5832
,-3.361
,0.9639
,3.7403
,-3.5264
,0.9923
,3.6363
,-3.0468
,0.7458
,4.3358
,-2.0721
,0.6461
,3.3925
,-1.7332
,0.4348
,4.2344
,-1.8042
,0.3171
,3.4503
,-1.5551
,-0.6461
,3.3925
,-1.7332
,-0.432
,3.9432
,-3.1115
,-0.3848
,3.3898
,-2.9331
,-0.1477
,3.4918
,-3.2577
,-0.8885
,4.0864
,-2.6807
,-0.6781
,4.0291
,-3.0268
,-0.8159
,3.7335
,-2.7993
,-0.4172
,3.1188
,-3.033
,-0.5276
,2.4545
,-3.0404
,-0.7514
,3.3546
,-2.7898
,-0.6769
,3.2525
,-3.0173
,-0.3057
,3.7014
,-3.4225
,-0.6808
,3.4517
,-3.3041
,-0.6754
,3.534
,-3.8814
,-0.5022
,3.5688
,-3.5657
,-0.7632
,3.994
,-3.729
,-0.5624
,3.6438
,-3.6488
,-0.9798
,3.2415
,-3.1923
,-0.8567
,3.3143
,-3.2611
,-0.8411
,3.8095
,-3.3702
,-0.1962
,3.0959
,-2.6777
,-0.6303
,2.9329
,-2.6942
,-0.2111
,2.6491
,-3.1673
,-0.3846
,2.6622
,-3.6239
,-0.1973
,2.5885
,-3.6568
,-0.8104
,3.0543
,-2.4315
,-0.6752
,2.8718
,-3.5088
,-0.916
,3.5962
,-3.4288
,-0.9639
,3.7403
,-3.5264
,-1.0423
,3.5832
,-3.361
,-0.9923
,3.6363
,-3.0468
,-0.7458
,4.3358
,-2.0721
,-0.2156
,2.0939
,-4.0869
,0.2156
,2.0939
,-4.0869
,-0.3804
,3.638
,-1.5688
,-0.6656
,2.5747
,-3.3781
,0.0008
,2.3637
,-4.2006
,0.6656
,2.5747
,-3.3781
,0.6769
,2.0662
,-2.5932
,0.3848
,2.2065
,-2.5137
,0.1477
,2.2966
,-2.8415
,0.432
,2.7532
,-2.7105
,0.3057
,2.5
,-3.0132
,-0.4427
,3.2679
,-1.4978
,0.8885
,2.9122
,-2.2848
,0.6781
,2.8422
,-2.6288
,0.7458
,3.1839
,-1.685
,0.3315
,2.8326
,-2.708
,-0.3315
,2.8326
,-2.708
,0.4172
,1.932
,-2.6045
,0.7514
,2.1766
,-2.3693
,0.6303
,1.7587
,-2.2597
,0.6808
,2.2547
,-2.8865
,0.7632
,2.7812
,-3.3292
,0.6752
,1.6676
,-3.0717
,0.5022
,2.3621
,-3.1518
,-0.0002
,2.2823
,-3.2025
,-0.0001
,2.0636
,-2.8641
,0.8411
,2.6099
,-2.9645
,0.916
,2.3946
,-3.0159
,0.6754
,2.3158
,-3.4661
,0.5624
,2.4341
,-3.2373
,0.9798
,2.0488
,-2.7678
,0.9923
,2.4488
,-2.6356
,0.9639
,2.5351
,-3.1183
,0.8567
,2.119
,-2.8389
,1.0423
,2.3841
,-2.9477
,0.1962
,1.9222
,-2.2487
,0
,1.1979
,-3.047
,0.1973
,1.379
,-3.2101
,0.2111
,1.4576
,-2.723
,0.3846
,1.4539
,-3.1797
,0.5276
,1.2678
,-2.5896
,0.8104
,1.8897
,-2.0013
,-0.0001
,1.8451
,-2.3229
,0.6656
,1.3754
,-2.9311
,-0.0001
,1.63
,-2.7983
,0.2156
,0.8688
,-3.6232
,0.0008
,1.1342
,-3.7459
,-0.0002
,1.7071
,-3.403
,0.8159
,2.5551
,-2.3915
,0.4348
,3.0924
,-1.4139
,0.6461
,2.2534
,-1.3149
,-0.3804
,2.505
,-1.1587
,0.3171
,2.3178
,-1.1388
,-0.6461
,2.2534
,-1.3149
,-0.1477
,2.2966
,-2.8415
,-0.3848
,2.2065
,-2.5137
,-0.6769
,2.0662
,-2.5932
,-0.3057
,2.5
,-3.0132
,-0.432
,2.7532
,-2.7105
,-0.6781
,2.8422
,-2.6288
,-0.8885
,2.9122
,-2.2848
,-0.7458
,3.1839
,-1.685
,-0.4172
,1.932
,-2.6045
,-0.6303
,1.7587
,-2.2597
,-0.7514
,2.1766
,-2.3693
,-0.6808
,2.2547
,-2.8865
,-0.7632
,2.7812
,-3.3292
,-0.5022
,2.3621
,-3.1518
,-0.6752
,1.6676
,-3.0717
,-0.916
,2.3946
,-3.0159
,-0.8411
,2.6099
,-2.9645
,-0.5624
,2.4341
,-3.2373
,-0.6754
,2.3158
,-3.4661
,-0.9923
,2.4488
,-2.6356
,-0.9798
,2.0488
,-2.7678
,-0.8567
,2.119
,-2.8389
,-0.9639
,2.5351
,-3.1183
,-1.0423
,2.3841
,-2.9477
,-0.1962
,1.9222
,-2.2487
,-0.2156
,0.8688
,-3.6232
,-0.2111
,1.4576
,-2.723
,-0.1973
,1.379
,-3.2101
,-0.5276
,1.2678
,-2.5896
,-0.3846
,1.4539
,-3.1797
,-0.8104
,1.8897
,-2.0013
,-0.6656
,1.3754
,-2.9311
,-0.8159
,2.5551
,-2.3915
,0.1369
,7.9882
,-4.0739
,0.3567
,7.9294
,-3.7559
,0.3073
,8.4959
,-3.7763
,0.7564
,8.1981
,-3.5827
,0.6286
,8.4794
,-3.7041
,0.8237
,8.4286
,-3.3818
,-0.3073
,8.4959
,-3.7763
,0.4104
,8.4408
,-2.5903
,0.8187
,8.4419
,-3.0426
,0.4891
,7.2907
,-4.2223
,0.3868
,7.7602
,-3.9385
,0.6275
,7.85
,-3.8678
,0.6966
,7.8645
,-3.6385
,0.2834
,8.1862
,-4.1677
,-0.0002
,8.0221
,-4.3982
,0.3048
,7.8728
,-4.2851
,0.4656
,8.0674
,-4.3309
,0.325
,7.6821
,-4.5301
,1.0998
,8.2206
,-4.8249
,0.6311
,7.9695
,-4.1254
,1.0706
,8.3442
,-4.8323
,0.9199
,8.1926
,-3.8284
,0.7798
,8.2544
,-4.0937
,0.7942
,7.8391
,-4.0504
,0.9083
,7.7675
,-4.0075
,0.5843
,7.5726
,-3.6562
,-0.5843
,7.5726
,-3.6562
,-0.3567
,7.9294
,-3.7559
,0.617
,7.2648
,-4.506
,0.1829
,7.3234
,-4.6623
,0.0006
,7.1851
,-5.0146
,0.8492
,8.1088
,-4.2
,1.2773
,8.453
,-4.6287
,0.8936
,8.241
,-4.2505
,0.9663
,8.0823
,-4.1428
,0.8736
,8.0751
,-3.998
,0.682
,8.2738
,-2.7659
,0.7473
,7.6381
,-2.9856
,0.3526
,7.7693
,-2.5344
,-0.4104
,8.4408
,-2.5903
,-0.7473
,7.6381
,-2.9856
,-0.1369
,7.9882
,-4.0739
,-0.8187
,8.4419
,-3.0426
,-0.7798
,8.2544
,-4.0937
,-0.7564
,8.1981
,-3.5827
,-0.3868
,7.7602
,-3.9385
,-0.4891
,7.2907
,-4.2223
,-0.6966
,7.8645
,-3.6385
,-0.6275
,7.85
,-3.8678
,-0.2834
,8.1862
,-4.1677
,-0.325
,7.6821
,-4.5301
,-0.4656
,8.0674
,-4.3309
,-0.3048
,7.8728
,-4.2851
,-0.6311
,7.9695
,-4.1254
,-1.0998
,8.2206
,-4.8249
,-1.0706
,8.3442
,-4.8323
,-0.9199
,8.1926
,-3.8284
,-0.9083
,7.7675
,-4.0075
,-0.7942
,7.8391
,-4.0504
,-0.617
,7.2648
,-4.506
,0.1323
,6.6399
,-4.9704
,-0.1716
,6.8149
,-5.2992
,0.1716
,6.8149
